988323551
283563106
569480092
1448524828
1162072943
455859087
1144263919
1580526299
1669963220
252862804
1598649789
1995348975
1957243833
1724361299
976519524
1820678729
823757252
1894454013
1438251327
643850524
1175705089
644854824
1962957930
897452507
1376308872
787136087
1258546322
1991554189
886940046
248356339
6983336
1765264922
160526857
1533769044
861882633
289258827
257087628
1192943384
1003892161
1193108026
85903140
1199824532
1548504369
577726471
1070496199
379982941
1602325506
1374410110
1927014945
1542045141
